-3.13893
2.46529
-3.20603
-3.63457
-1.58022
-2.13354
1.99091
-3.32484
2.06547
-2.5781
2.16566
-3.14175
-4.2655
-3.15214
-3.56404
-2.83402
-2.93435
2.20847
-1.56968
-3.6727
-3.81698
-2.82835
-3.44954
-3.92295
-3.18351
2.20492
-1.72959
-3.57626
-3.83623
-4.11959
-3.80162
-3.41486
-3.28331
-1.18133
-2.95581
-3.03429
-1.98064
2.72874
-3.68268
-2.75408
-1.67228
-2.85944
-2.42051
-3.84972
-3.5771
-2.41335
-2.4755
-1.67565
-1.07869
-3.42244
-2.96092
-3.53275
2.00386
-3.4868
-3.85011
-2.75365
-3.64022
-3.581
-2.76557
-3.90017
-1.15424
-3.52815
1.87501
-3.70379
1.81442
-3.14216
2.49239
-3.28453
-2.89826
-3.6742
-3.28898
-2.72318
-3.6866
-3.33984
-1.20216
-3.05786
-2.56396
-3.34223
-3.52992
-3.68818
-3.44024
-2.15088
-2.60418
-2.02378
-4.09431
-3.85768
2.36263
2.31674
-2.62562
-2.86641
-2.93382
-3.56951
-3.2864
-2.81141
-3.5271
-3.17285
-2.87265
-3.43956
-1.55939
-1.44206
-3.80335
-1.6898
-3.06229
-2.70885
-2.79277
-2.85832
-3.55702
-2.99585
-2.8783
-2.56177
-1.01198
-2.9745
-3.01753
-2.66511
-3.68407
1.59686
-2.81502
-2.43798
-1.70726
-2.3792
-3.35723
-3.57278
-3.17784
-3.66354
-1.03076
-1.52175
-2.55568
-3.94807
-2.66684
-3.30313
-2.88436
-3.83086
-3.11162
-0.875012
-1.18921
-1.00529
-2.36307
-3.783
-0.978196
1.68468
-3.80022
-3.58191
-3.53101
-2.58278
-2.71241
-3.40573
-3.42585
-3.38432
1.96026
-2.74798
-2.11357
-3.20861
-1.7098
-3.54242
-2.94258
-1.88249
-3.20781
-1.63279
-3.1361
-3.36287
1.94814
1.39719
-3.69979
-2.72363
-3.82047
-1.87685
2.64346
-2.70412
-2.98619
-2.57028
-2.39902
-2.84642
-1.97079
1.65759
-2.60241
-2.10789
2.05641
-3.04224
-1.12606
-3.59423
-3.44841
-3.76346
-1.68133
-3.96779
-2.83851
-3.38686
-3.55525
-3.55
2.0031
-3.46423
-3.51456
2.19433
2.29054
-2.98182
2.79865
-2.53613
-3.10704
-3.10482
-3.92097
-3.06934
-3.22709
2.24776
-3.1356
-4.17227
-3.36066
-3.16668
-3.8191
-1.96511
-2.66632
-2.59105
-3.78773
-2.87831
-3.07373
-2.58826
-3.70382
-3.71117
-3.60747
-2.12378
-2.91975
1.29724
-4.51912
2.39241
-3.45128
-3.82044
-3.48147
-3.1133
-3.5787
2.56604
-3.27816
-2.86536
-3.6886
-2.89551
-2.58514
-1.39414
-4.10544
-2.9519
-3.49706
-3.48506
1.68774
-3.64778
-3.63257
-3.18545
-3.33033
-3.27113
-3.30949
-3.46162
1.7255
-3.99672
2.53985
-4.02381
-3.60636
-3.12678
-2.94856
-2.93223
-3.65607
-2.33861
-3.82218
-3.59713
-4.03903
2.34188
-3.3866
-4.07322
-3.01543
1.86031
-3.28177
1.89115
-3.32848
-3.58298
-2.68649
-3.89351
-2.83711
-3.29061
-3.01553
2.04226
-3.55642
-3.86898
-3.866
-2.4213
-2.97409
-2.34529
1.68266
-3.08939
-4.20536
-3.86176
-3.40921
-3.84127
-3.49079
-2.90513
-3.61174
-3.11372
-3.48309
-3.43239
1.86086
-3.68213
-3.54989
2.09279
-3.92722
-2.74695
2.64811
-3.03729
-3.06106
-3.90969
2.1607
-3.02314
-3.55266
-2.734
-3.08879
1.56124
-2.51337
-3.5735
-4.25659
-3.23615
-2.71422
-3.1725
-3.25865
2.1974
2.42416
-3.59284
-3.47551
-3.30887
-2.44734
-2.35156
-3.47838
-3.56937
-2.67832
-4.12372
-3.93045
-2.75545
-3.15253
-3.23505
-3.21889
-3.8783
-3.06813
-2.43545
-3.12359
-2.97411
-3.72153
-3.08399
-3.4826
-3.84557
-3.77856
-1.09109
-2.96784
-2.96145
-2.67235
2.61462
-3.35542
2.47824
-2.00569
-3.26297
-2.72353
-2.68397
-2.69533
-3.78798
-3.09498
-3.60489
-3.24041
-3.73568
1.93395
-2.8824
-2.60885
-3.83103
2.20651
-3.88515
-4.19241
-4.13849
-3.02934
-4.65609
-4.03234
-3.36838
-3.12524
-3.33892
-2.84163
-3.61537
-2.77322
-3.69514
2.52105
-3.12829
-3.85603
-2.90859
-2.58175
2.7146
-3.66005
-3.82845
-2.85578
-2.70797
-2.20161
-3.35638
-3.1996
-3.51429
2.12453
-3.85121
-3.06014
-3.36487
-4.26807
-3.57927
-4.10909
-3.84188
-2.66673
-3.35975
-3.7272
-3.73088
-2.88977
-2.79151
-3.4712
-3.11142
-3.945
2.87982
-3.04925
-2.31691
-2.60081
-2.6459
-2.18545
2.12431
-3.15246
-3.02882
-2.72019
-3.18991
-4.008
-3.71334
-3.43494
-3.66435
-2.70694
-4.04529
-3.09576
-2.56683
-2.78381
-3.12719
-3.25328
-3.18713
-3.00132
-3.37615
-2.75773
-2.70973
-3.23861
-2.55641
-3.65075
-2.46036
-3.10505
-2.18781
-4.34236
-4.06548
-4.30343
-3.24215
-3.3693
-3.68518
2.27516
-2.36736
-3.69145
-2.22713
-3.81624
-2.06303
-3.60546
-2.34995
-2.22622
-3.43649
-2.36409
-2.85087
-2.69215
-2.91568
2.27639
-3.38045
-2.80909
-4.45662
-3.10174
-4.09614
2.07788
-2.94265
-3.47998
-2.25096
-3.48978
-2.62954
-3.2492
-3.70655
-3.42616
-3.17654
-3.84259
-4.38422
-2.66095
-3.76715
-3.72934
1.96105
-2.97822
-3.14867
2.60222
-2.60151
-4.03049
-2.52395
-2.73781
-2.12691
1.69174
-2.32336
-3.69778
-2.91609
3.96387
-3.39971
-2.81877
-3.16647
-3.24842
-3.33983
-2.37077
-2.81521
-2.43885
-2.66005
-3.14983
-3.62572
-2.76786
-3.15078
-2.09013
-3.14523
-4.61354
-3.42681
-2.31023
-2.91032
-3.71282
-4.10032
-2.34563
-3.34688
-3.58484
-3.3613
-3.45615
-2.11632
-4.04465
-3.67419
-3.80393
-4.32426
-2.75133
-3.13761
-3.13214
-3.3299
-3.38685
-2.7829
-3.24124
-3.62719
-4.49159
-3.69105
-3.44079
-3.69502
-2.36159
-3.34298
-2.69919
-3.97169
-3.6044
-2.55753
-2.93165
-2.89263
-2.32446
-3.74767
1.97451
-3.04087
-2.499
-3.28551
-3.95484
-2.94701
-3.9446
-2.82414
-2.83619
-2.58319
-2.82914
-2.23681
-3.26207
-3.28916
-3.68573
-3.00224
-3.65785
1.05422
-4.06194
-3.03305
-3.91987
-4.03735
-3.56442
-3.38148
-4.29716
-2.83451
-3.51208
-3.72487
-3.42079
-2.92487
-2.32285
-4.04362
-4.66146
-2.81787
-2.88149
4.7315
-4.33841
-3.30843
-2.91388
-2.77905
-2.63578
-3.34257
-3.49856
2.24807
-2.9187
-3.62929
2.06533
-2.37614
4.26206
4.39968
-2.90941
3.86837
3.8928
3.38267
-2.62443
1.67995
-3.28133
-3.47577
-3.71192
2.30999
1.97515
-3.06789
-3.16118
-2.79537
-2.72388
2.84383
-3.21778
-3.37824
-4.30881
-3.43153
3.8033
-2.79495
-3.70052
1.78468
-3.48797
3.41292
-3.41055
-3.55774
-3.56915
-3.4983
3.22211
-3.28481
2.49911
-2.22278
4.244
-3.95086
3.92906
-2.64422
-2.38151
3.44726
-2.93024
-2.89027
-4.27685
-3.66322
-3.02842
-2.68624
2.25329
-2.14105
1.92619
-2.93926
-2.68087
3.08303
-3.29453
2.10118
-2.94438
-2.85018
-3.69032
-3.16492
1.65761
-4.07859
-2.86432
3.76501
1.90383
2.23933
-3.5279
-3.08138
3.13994
0.784181
-4.0317
0.872502
-2.39486
-4.29048
4.53541
-2.57836
-2.337
1.09645
-3.62732
-3.41321
-2.70629
-2.69515
2.7826
-2.36319
-3.7207
-2.35441
2.0576
-4.28171
1.189
-3.27686
2.94268
-2.10337
-2.47451
3.97736
-3.07428
3.35827
-2.9306
-3.70981
-3.01505
-3.59286
-3.17435
-3.45494
-2.21254
-3.61854
3.68915
-3.59341
4.12985
-2.51314
-3.0108
3.59533
-2.235
0.566617
-2.90248
-2.37037
-2.85911
-3.59624
1.47005
-3.17119
-2.44578
-3.20795
3.91272
4.49728
-3.07322
-2.72225
-2.94097
-3.77727
4.12612
-3.75721
-2.39029
3.76464
1.69636
-3.96085
-2.7936
-2.80582
-2.85924
-3.93728
-2.75097
-2.23337
3.60741
-3.72761
-3.14368
-4.05776
-2.81993
-3.50393
-2.93561
-3.62903
-3.17853
3.15151
3.43965
2.54857
-2.75196
-3.63597
-2.9837
-3.03419
-2.58856
-3.30331
-3.69987
-2.90364
-3.41738
-3.61514
3.51233
3.99695
2.29165
0.844762
-3.95917
1.50589
-3.7478
4.17936
-3.88957
3.60485
3.79426
-3.73472
-3.319
4.49705
-3.19068
4.02373
4.53299
-3.18939
3.69293
3.3657
2.0305
4.60627
3.11837
-2.60988
1.74411
4.24688
3.28978
4.4286
4.25462
4.03139
3.69492
1.37071
3.70699
3.55602
4.05602
3.70991
-3.10312
1.77593
1.64404
3.94931
-3.37798
2.26642
-3.52384
-2.82156
3.34412
4.62251
3.89815
4.28178
-3.37007
3.55625
4.38595
-3.04348
-3.65612
3.28717
4.40986
4.11844
4.33636
3.71385
4.60561
-2.30396
4.04363
3.87394
4.0194
-2.50161
-2.13046
-3.4776
-1.21717
4.02507
-2.8467
3.69301
-2.80397
4.15472
4.04905
3.51293
3.58402
3.67775
3.23753
2.74818
-2.26746
4.10586
4.00454
3.51527
3.10464
4.49453
4.48722
3.34128
4.28155
3.87675
3.35061
4.5112
3.69259
3.77454
3.61316
4.24674
4.16471
4.04656
3.59771
4.2348
4.15774
3.13772
3.33079
3.79124
3.53265
3.69228
-3.30203
3.42366
4.00485
4.40679
3.86596
3.03336
3.99017
-1.20698
3.91302
3.58351
4.25232
4.26647
3.37196
3.91966
4.13114
4.40461
3.40919
4.17464
4.27872
2.98808
4.38247
3.56463
3.27325
3.12098
4.02446
4.00989
4.46168
4.85309
4.27347
4.74169
4.2473
4.05338
3.42334
3.31695
3.02598
3.39913
4.43769
-2.07753
4.50187
4.49422
3.91547
3.09655
3.18345
2.88108
3.77916
4.13617
2.76233
3.78013
3.75049
4.68482
4.04131
1.40474
4.60837
3.28277
3.95914
4.03616
4.84051
3.70058
3.61659
3.09416
4.51077
4.14562
3.18375
4.30576
3.12381
3.7797
1.09076
3.45302
-4.04845
3.44398
4.18165
4.10191
2.82148
3.4596
4.5892
4.14058
3.63881
3.46978
-2.19071
4.59621
3.54187
4.27378
-2.68968
3.69753
-0.0950964
2.21441
3.69031
3.73074
3.63435
4.15956
4.07278
3.82341
4.21727
-2.58916
3.54485
3.97997
3.78958
4.27138
4.28762
4.57583
3.43318
3.91585
3.53725
3.65551
-2.15959
3.43647
4.60059
3.93463
2.29599
2.54269
3.67637
4.64715
3.47985
3.31256
2.84857
3.6901
3.85045
2.27859
3.87381
-2.57824
3.73061
4.02404
2.46713
-0.893357
3.90602
3.29549
3.82559
-2.56715
2.29274
1.75931
2.24508
2.25922
-3.04217
3.49158
-3.45666
3.1804
-1.85293
-3.13324
3.70945
1.39891
-0.00796593
-2.15265
1.80889
3.92049
4.16973
2.70086
0.630505
-2.36307
-3.30562
3.86432
-2.47606
-3.1191
4.23316
-0.846969
1.68164
4.08232
4.09647
1.38369
0.547803
1.6903
1.36395
2.34562
1.96908
2.11973
3.91608
0.997715
2.40314
-3.25621
-3.3344
1.38476
-1.11208
4.29593
0.253105
2.81247
2.04656
1.50821
4.12141
1.27867
-0.638449
-0.691096
1.20175
-2.11638
-2.66935
-1.20302
-3.00981
3.43605
1.41487
-3.04092
2.07518
3.80153
4.01083
-3.14462
0.906707
1.29376
4.23273
3.05689
-3.58085
4.64409
1.64998
-1.9913
1.7028
0.97871
0.0406347
1.16612
2.73431
1.71331
1.51132
-0.603307
-0.98875
2.79007
4.01725
-3.50551
1.29518
1.10491
-3.65781
3.99154
2.18452
-2.22959
4.25987
3.24736
4.04554
-0.656921
1.22411
3.42551
2.82741
3.49136
3.53168
4.034
2.57733
2.67055
-3.52089
2.38686
4.47264
3.73042
1.19963
-4.0343
2.01231
1.75825
1.23137
2.17038
-3.95611
2.35976
-0.614194
-0.794261
4.02057
3.31265
1.4172
-2.72238
-2.553
1.10599
2.96383
2.02751
-0.705243
-2.39176
2.23736
-2.66546
2.39329
1.67832
1.22885
2.52876
-1.84139
4.14322
-0.491854
1.69579
4.00958
4.14783
3.38906
4.34621
1.23254
0.960663
3.38436
-0.589161
-1.10968
3.45564
-1.26019
-3.47874
1.28185
1.0884
1.67509
2.03241
4.05015
0.638999
2.0915
-2.61307
4.13376
2.68767
1.10646
0.155068
3.825
1.68924
-2.34584
0.670198
-0.978926
4.31455
4.03891
4.16219
3.60718
0.887344
-1.82724
-2.78853
3.66121
3.08001
2.07843
2.96366
0.882674
-0.964779
3.73335
2.88239
2.90038
3.78843
4.34785
3.33968
3.19984
3.99133
4.28864
4.00616
4.15784
3.14948
3.51192
3.70516
3.32554
3.64586
2.81524
4.00721
3.71825
3.89182
3.67639
3.68867
3.56126
4.12907
4.14247
4.70024
3.27801
3.29752
4.02567
3.47895
2.45664
2.92535
4.23238
2.90421
2.92425
3.06843
3.59078
3.7502
3.60113
3.39005
3.1888
4.45988
3.5363
3.4726
4.36199
4.46196
3.99924
4.00057
3.50084
3.59182
3.54713
4.10411
3.46724
3.57589
3.78952
2.91963
3.73504
4.73956
4.0666
3.12639
3.65252
3.81269
4.31777
3.5412
3.44171
3.96227
3.67103
3.81704
3.17128
3.30063
2.93071
3.86686
3.80528
4.73078
3.73606
3.90156
4.64724
3.62059
3.69585
3.81059
4.09748
3.68517
-2.71367
4.38889
4.36682
3.19342
3.30084
-3.44123
3.73552
3.14921
3.64607
3.14074
3.6006
3.87306
3.46453
2.77593
4.74492
3.5954
4.22601
3.01992
4.27706
3.55685
3.62831
4.39178
4.10385
3.29003
3.36128
3.83029
4.42103
3.48303
2.67824
4.23525
-3.19817
3.2985
4.25961
3.23843
3.39542
3.71363
3.5109
3.22785
3.07131
4.23448
2.83193
3.24797
3.25371
3.45665
3.32727
3.58125
3.04248
3.62369
3.72778
4.63309
3.72164
3.37492
3.28648
4.11341
-3.11408
2.95016
3.18026
3.41501
3.16612
4.48121
4.04525
2.71548
3.8766
3.84252
3.39899
3.69075
3.74214
3.65714
4.46706
3.83982
4.25016
4.21519
4.25451
3.98544
3.72137
-1.81546
3.93985
3.81163
3.84216
2.9641
-3.00391
3.6432
3.49771
4.12371
4.30397
3.88507
2.91915
4.29484
3.04275
3.32035
3.86458
3.1826
3.60885
3.31965
-0.864498
4.23575
3.94785
4.06603
3.58542
3.54552
4.00158
4.06894
4.35528
3.06716
3.87767
3.68793
3.63471
-3.14437
-2.73098
-2.49435
4.10846
3.16718
-2.99363
3.655
4.17544
3.7324
3.49004
4.34583
4.4992
3.43473
-1.32523
3.05053
3.32496
4.24889
4.3391
-2.17151
3.65597
3.56827
3.9384
3.38108
3.8172
-2.06206
-3.27626
2.99807
-1.6004
3.56291
3.63784
-3.19509
-3.37518
3.84501
4.06104
-3.10817
4.21165
-3.16481
-1.29891
3.84863
3.82365
3.29187
3.74221
3.57562
-2.83303
3.81194
3.80394
3.24053
2.89911
3.40423
-2.6038
4.2921
3.51808
3.9019
3.53137
3.64782
2.77239
-2.84369
2.99653
3.31499
-2.91664
3.41985
4.44633
-3.10875
3.89901
-3.495
4.6121
-1.87967
3.83272
3.94759
4.47821
-2.882
4.25767
3.46674
4.4291
-2.001
2.88353
-3.36483
-3.5061
3.78099
3.6723
-2.81151
3.90501
3.28521
4.10257
-3.55503
3.78817
4.4389
-2.89803
3.68921
4.59025
3.03611
4.58051
4.36093
-2.05615
-2.73504
2.97708
3.71936
-3.59671
3.4884
-1.90264
3.35711
4.6861
-2.46753
3.27985
-3.23597
1.82276
3.65788
-2.61051
-3.16786
-2.88798
3.63355
3.0164
-3.28626
3.54586
-3.02625
3.97612
4.58714
3.77518
3.04046
3.00115
2.94353
2.51884
0.52006
3.19954
4.0136
3.44943
4.4211
-2.52799
2.64537
4.08774
2.92869
-1.09133
3.36358
4.03029
-2.95898
3.90162
-2.98034
-3.47143
4.1898
4.48819
-0.892245
3.76
3.8173
3.13353
-2.92701
-2.20609
3.68204
-1.78328
3.5653
0.0439607
-1.97845
3.13815
-3.34439
3.3062
3.72942
3.84608
2.79169
-2.94174
3.20329
-2.97257
-3.19265
3.70654
3.02101
3.38878
4.62752
-2.48683
-2.99245
-3.412
-2.16393
3.16974
3.62507
3.39416
4.05643
-0.717716
0.363375
4.39467
3.29957
-1.87054
-3.18461
-3.34259
3.7201
3.57878
3.83837
-4.19199
-2.50662
-3.00748
-3.17681
4.46068
3.82636
-3.20764
3.60514
3.6803
4.36964
-2.41102
3.14285
-3.02327
-2.9281
2.63358
-2.86467
-2.81095
-2.27978
-2.97313
3.53587
-3.34747
3.31116
-2.24921
3.28983
-3.31295
3.79621
-1.73965
4.31361
3.71163
4.00951
-1.58868
3.46127
4.06067
4.5581
-3.23533
3.31429
3.37442
-2.44505
2.65618
-2.14979
-3.50201
-3.415
-1.68662
2.9968
-2.96431
-2.9387
3.80395
-2.68741
-1.33938
-2.88144
4.0389
3.91489
3.78153
-3.51019
3.05515
4.33343
-3.80216
-2.43091
3.88853
-3.11473
3.72472
4.67946
-3.06742
-3.06688
-3.1019
3.1056
-2.67792
-3.11575
-1.80794
-3.09109
4.06844
-2.93565
3.30655
